# IceHiveZ::HiveTopology configuration file
# Configuration: IC86 ; DeepCore dense strings
# Info: considered are the first and second heagonal rings
S 26
R1 84 85
R2 17 18 25 27 35 36 83 86
R3 10 16 19 34 37 45 81 82
R4 9 11 24 28 44 46
S 27
R1 83 84
R2 18 19 26 28 36 37 82 85
R3 11 17 20 35 38 46 81 86
R4 10 12 25 29 45 47
S 35
R1 85 86
R2 25 26 34 36 44 45 81 84
R3 17 24 27 43 46 54 82 83
R4 16 18 33 37 53 55
S 36
R1 81 82 83 84 85 86
R2 26 27 35 37 45 46
R3 18 25 28 44 47 55
R4 17 19 34 38 54 56
S 37
R1 82 83
R2 27 28 36 38 46 47 81 84
R3 19 26 29 45 48 56 85 86
R4 18 20 35 39 55 57
S 45
R1 81 86
R2 35 36 44 46 54 55 82 85
R3 26 34 37 53 56 63 83 84
R4 25 27 43 47 62 64
S 46
R1 81 82
R2 36 37 45 47 55 56 83 86
R3 27 35 38 54 57 64 84 85
R4 26 28 44 48 63 65
S 81
R1 36 45 46 82 86
R2 35 37 83 84 85
R3 26 27 44 47 54 56
R4 18 25 28 34 38 53 57 63 64
S 82
R1 36 37 46 81 83
R2 27 45 84 85 86
R3 26 28 35 38 55 56
R4 18 19 25 29 44 48 54 57 64
S 83
R1 26 36 37 82 84
R2 26 46 81 85 86
R3 18 19 35 38 45 47
R4 11 17 20 25 29 44 48 55 56
S 84
R1 26 27 36 83 85
R2 35 37 81 82 86
R3 17 19 25 28 45 46
R4 10 11 16 20 34 38 44 47 55
S 85
R1 26 35 36 84 86
R2 27 45 81 82 83
R3 17 18 34 37 44 46
R4 10 16 19 24 28 43 47 54 55
S 86
R1 35 36 45 81 85
R2 26 46 82 83 84
R3 25 27 34 37 54 55
R4 17 18 24 28 43 47 53 56 63
