# IceHiveZ::HiveTopology configuration file
# Configuration: IC86 ; Icecube strings 1-78 only
# Info: considered are the first and second heagonal rings
S 1
R1 2 7 8
R2 3 9 14 15 16
S 2
R1 1 3 8 9
R2 4 7 10 15 16 17
S 3
R1 2 4 9 10
R2 1 5 8 11 16 17 18
S 4
R1 3 5 10 11
R2 2 6 9 12 17 18 19
S 5
R1 4 6 11 12
R2 3 10 13 18 19 20
S 6
R1 5 12 13
R2 4 11 19 20 21
S 7
R1 1 8 14 15
R2 2 9 16 22 23 24
S 8
R1 1 2 7 9 15 16
R2 3 10 14 17 23 24 25
S 9
R1 2 3 8 10 16 17
R2 1 4 7 11 15 18 24 25 26
S 10
R1 3 4 9 11 17 18
R2 2 5 8 12 16 19 25 26 27
S 11
R1 4 5 10 12 18 19
R2 3 6 9 13 17 20 26 27 28
S 12
R1 5 6 11 13 19 20
R2 4 10 13 18 21 27 28 29
S 13
R1 6 12 20 21
R2 5 11 19 20 28 29 30
S 14
R1 7 15 22 23
R2 1 8 16 24 31 32 33
S 15
R1 7 8 14 16 23 24
R2 1 2 9 17 22 25 32 33 34
S 16
R1 8 9 15 17 24 25
R2 1 2 3 7 10 14 18 23 26 33 34 35
S 17
R1 9 10 16 18 25 26
R2 2 3 4 8 11 15 19 24 27 34 35 36
S 18
R1 10 11 17 19 26 27
R2 3 4 5 9 12 16 20 25 28 35 36 37
S 19
R1 11 12 18 20 27 28
R2 4 5 6 10 13 17 21 26 29 36 37 38
S 20
R1 12 13 19 21 28 29
R2 5 6 11 18 27 30 37 38 39
S 21
R1 13 20 29 30
R2 6 12 19 28 38 39 40
S 22
R1 14 23 31 32
R2 7 15 24 33 41 42
S 23
R1 14 15 22 24 32 33
R2 7 8 16 25 31 34 41 42 43
S 24
R1 15 16 23 25 33 34
R2 7 8 9 14 17 22 26 32 35 42 43 44
S 25
R1 16 17 24 26 34 35
R2 8 9 10 15 18 23 27 33 36 43 44 45
S 26
R1 17 18 25 27 35 36
R2 9 10 11 16 19 24 28 34 37 44 45 46
S 27
R1 18 19 26 28 36 37
R2 10 11 12 17 20 25 29 35 38 45 46 47
S 28
R1 19 20 27 29 37 38
R2 11 12 13 18 21 26 30 36 39 46 47 48
S 29
R1 20 21 28 30 38 39
R2 12 13 19 27 37 40 47 48 49
S 30
R1 21 29 39 40
R2 13 20 28 38 48 49 50
S 31
R1 22 32 41
R2 14 23 33 42 51
S 32
R1 22 23 31 33 41 42
R2 14 15 24 34 43 51 52
S 33
R1 23 24 32 34 42 43
R2 14 15 16 22 25 31 35 41 44 51 52 53
S 34
R1 24 25 33 35 43 44
R2 15 16 17 23 26 32 36 42 45 52 53 54
S 35
R1 25 26 34 36 44 45
R2 16 17 18 24 27 33 37 43 46 53 54 55
S 36
R1 26 27 35 37 45 46
R2 17 18 19 25 28 34 38 44 47 54 55 56
S 37
R1 27 28 36 38 46 47
R2 18 19 20 26 29 35 39 45 48 55 56 57
S 38
R1 28 29 37 39 47 48
R2 19 20 21 27 30 36 40 46 49 56 57 58
S 39
R1 29 30 38 40 48 49
R2 20 21 28 37 47 50 57 58 59
S 40
R1 30 39 49 50
R2 21 29 38 48 58 59
S 41
R1 31 32 42 51
R2 22 23 33 43 52 60
S 42
R1 32 33 41 43 51 52
R2 22 23 24 31 34 44 53 60 61
S 43
R1 33 34 42 44 52 53
R2 23 24 25 32 35 41 45 51 54 60 61 62
S 44
R1 34 35 43 45 53 54
R2 24 25 26 33 36 42 46 52 55 61 62 63
S 45
R1 35 36 44 46 54 55
R2 25 26 27 34 37 43 47 53 56 62 63 64
S 46
R1 36 37 45 47 55 56
R2 26 27 28 35 38 44 48 54 57 63 64 65
S 47
R1 37 38 46 48 56 57
R2 27 28 29 36 39 45 49 55 58 64 65 66
S 48
R1 38 39 47 49 57 58
R2 28 29 30 37 40 46 50 56 59 65 66 67
S 49
R1 39 40 48 50 58 59
R2 29 30 38 47 57 66 67
S 50
R1 40 49 59
R2 30 39 48 58 67
S 51
R1 41 42 52 60
R2 31 32 33 43 53 61 68
S 52
R1 42 43 51 53 60 61
R2 32 33 34 41 44 54 62 68 69
S 53
R1 43 44 52 54 61 62
R2 33 34 35 42 45 51 55 60 63 68 69 70
S 54
R1 44 45 53 55 62 63
R2 34 35 36 43 46 52 56 61 64 69 70 71
S 55
R1 45 46 54 56 63 64
R2 35 36 37 44 47 53 57 62 65 70 71 72
S 56
R1 46 47 55 57 64 65
R2 36 37 38 45 48 54 58 63 66 71 72 73
S 57
R1 47 48 56 58 65 66
R2 37 38 39 46 49 55 59 64 67 72 73 74
S 58
R1 48 49 57 59 66 67
R2 38 39 40 47 50 56 65 73 74
S 59
R1 49 50 58 67
R2 39 40 48 57 66 74
S 60
R1 51 52 61 68
R2 41 42 43 53 62 69 75
S 61
R1 52 53 60 62 68 69
R2 42 43 44 51 54 63 70 75 76
S 62
R1 53 54 61 63 69 70
R2 43 44 45 52 55 60 64 68 71 75 76 77
S 63
R1 54 55 62 64 70 71
R2 44 45 46 53 56 61 65 69 72 76 77 78
S 64
R1 55 56 63 65 71 72
R2 45 46 47 54 57 62 66 70 73 77 78
S 65
R1 56 57 64 66 72 73
R2 46 47 48 55 58 63 67 71 74 78
S 66
R1 57 58 65 67 73 74
R2 47 48 49 56 59 64 72
S 67
R1 58 59 66 74
R2 48 49 50 57 65 73
S 68
R1 60 61 69 75
R2 51 52 53 62 70 76
S 69
R1 61 62 68 70 75 76
R2 52 53 54 60 63 71 77
S 70
R1 62 63 69 71 76 77
R2 53 54 55 61 64 68 72 75 78
S 71
R1 63 64 70 72 77 78
R2 54 55 56 62 65 69 73 76
S 72
R1 64 65 71 73 78
R2 55 56 57 63 66 70 74 77
S 73
R1 65 66 72 74
R2 56 57 58 64 67 71 78
S 74
R1 66 67 73
R2 57 58 59 65 72
S 75
R1 68 69 76
R2 60 61 62 70 77
S 76
R1 69 70 75 77
R2 61 62 63 68 71 78
S 77
R1 70 71 76 78
R2 62 63 64 69 72 75
S 78
R1 71 72 77
R2 63 64 65 70 73 76
