# IceHiveZ::HiveTopology configuration file
# Configuration: IC86 ; Icecube strings 1-78 only
# Info: considered are the first heagonal ring plus the strings on the edges on the second ring
S 1
R1 2 7 8
R2 9 15
S 2
R1 1 3 8 9
R2 7 10 16
S 3
R1 2 4 9 10
R2 8 11 17
S 4
R1 3 5 10 11
R2 9 12 18
S 5
R1 4 6 11 12
R2 10 13 19
S 6
R1 5 12 13
R2 11 20
S 7
R1 1 8 14 15
R2 2 16 23
S 8
R1 1 2 7 9 15 16
R2 3 14 17 24
S 9
R1 2 3 8 10 16 17
R2 4 15 18 25
S 10
R1 3 4 9 11 17 18
R2 2 5 16 19 26
S 11
R1 4 5 10 12 18 19
R2 3 6 17 20 27
S 12
R1 5 6 11 13 19 20
R2 4 16 21 28
S 13
R1 6 12 20 21
R2 5 19 29
S 14
R1 7 15 22 23
R2 8 24 32
S 15
R1 7 8 14 16 23 24
R2 1 9 22 25 33
S 16
R1 8 9 15 17 24 25
R2 2 7 10 23 26 34
S 17
R1 9 10 16 18 25 26
R2 3 8 11 24 27 35
S 18
R1 10 11 17 19 26 27
R2 4 9 12 25 28 36
S 19
R1 11 12 18 20 27 28
R2 5 10 13 26 29 37
S 20
R1 12 13 19 21 28 29
R2 6 11 27 30 38
S 21
R1 13 20 29 30
R2 12 28 39
S 22
R1 14 23 31 32
R2 15 33 41
S 23
R1 14 15 22 24 32 33
R2 7 16 31 34 42
S 24
R1 15 16 23 25 33 34
R2 8 14 17 32 35 43
S 25
R1 16 17 24 26 34 35
R2 9 15 18 33 36 44
S 26
R1 17 18 25 27 35 36
R2 10 16 19 34 37 45
S 27
R1 18 19 26 28 36 37
R2 11 17 20 35 38 46
S 28
R1 19 20 27 29 37 38
R2 12 18 21 36 39 47
S 29
R1 20 21 28 30 38 39
R2 13 19 37 40 48
S 30
R1 21 29 39 40
R2 20 38 49
S 31
R1 22 32 41
R2 23 42
S 32
R1 22 23 31 33 41 42
R2 14 24 43 51
S 33
R1 23 24 32 34 42 43
R2 15 22 25 41 44 52
S 34
R1 24 25 33 35 43 44
R2 16 23 26 42 45 53
S 35
R1 25 26 34 36 44 45
R2 17 24 27 43 46 54
S 36
R1 26 27 35 37 45 46
R2 18 25 28 44 47 55
S 37
R1 27 28 36 38 46 47
R2 19 26 29 45 48 56
S 38
R1 28 29 37 39 47 48
R2 20 27 30 46 49 57
S 39
R1 29 30 38 40 48 49
R2 21 28 47 50 58
S 40
R1 30 39 49 50
R2 29 48 59
S 41
R1 31 32 42 51
R2 22 33 52
S 42
R1 32 33 41 43 51 52
R2 23 31 34 53 60
S 43
R1 33 34 42 44 52 53
R2 24 32 35 51 54 61
S 44
R1 34 35 43 45 53 54
R2 25 33 36 52 55 62
S 45
R1 35 36 44 46 54 55
R2 26 34 37 53 56 63
S 46
R1 36 37 45 47 55 56
R2 27 35 38 54 57 64
S 47
R1 37 38 46 48 56 57
R2 28 36 39 55 58 65
S 48
R1 38 39 47 49 57 58
R2 29 37 40 56 59 66
S 49
R1 39 40 48 50 58 59
R2 30 38 57 67
S 50
R1 40 49 59
R2 39 58 
S 51
R1 41 42 52 60
R2 32 43 61
S 52
R1 42 43 51 53 60 61
R2 33 41 44 62 68
S 53
R1 43 44 52 54 61 62
R2 34 42 45 60 63 69
S 54
R1 44 45 53 55 62 63
R2 35 43 46 61 64 70
S 55
R1 45 46 54 56 63 64
R2 36 44 47 62 65 71
S 56
R1 46 47 55 57 64 65
R2 37 45 48 63 66 72
S 57
R1 47 48 56 58 65 66
R2 38 46 49 64 67 73
S 58
R1 48 49 57 59 66 67
R2 39 47 50 65 74
S 59
R1 49 50 58 67
R2 40 48 66
S 60
R1 51 52 61 68
R2 42 53 69
S 61
R1 52 53 60 62 68 69
R2 43 51 54 70 75
S 62
R1 53 54 61 63 69 70
R2 44 52 55 68 71 76
S 63
R1 54 55 62 64 70 71
R2 45 53 56 69 72 77
S 64
R1 55 56 63 65 71 72
R2 46 54 57 70 73 78
S 65
R1 56 57 64 66 72 73
R2 47 55 58 71 74
S 66
R1 57 58 65 67 73 74
R2 48 56 59 72
S 67
R1 58 59 66 74
R2 49 57 73
S 68
R1 60 61 69 75
R2 52 62 76
S 69
R1 61 62 68 70 75 76
R2 53 60 63 77
S 70
R1 62 63 69 71 76 77
R2 54 61 64 75 78
S 71
R1 63 64 70 72 77 78
R2 55 62 65 76
S 72
R1 64 65 71 73 78
R2 56 63 66 77
S 73
R1 65 66 72 74
R2 57 64 67 78
S 74
R1 66 67 73
R2 58 65
S 75
R1 68 69 76
R2 61 70
S 76
R1 69 70 75 77
R2 62 68 71
S 77
R1 70 71 76 78
R2 63 69 72
S 78
R1 71 72 77
R2 64 70 73
